1.6599
0.0051486
-0.0075287
-0.048947
-0.024895
0.029528
-0.083485
0.010731
0.029213
-0.016283
-0.0032323
-0.010543
-0.07066
-0.028124
0.034891
0.029594
0.043027
-0.040347
-0.060675
0.02118
-0.0073041
0.036613
-0.05176
0.048798
-0.020615
0.025604
-0.0099176
0.027374
-0.0057074
0.033839
0.0015817
-0.0041773
0.024431
-0.0053165
0.024123
0.039885
0.036339
-0.0056368
-0.033942
-0.093831
-0.00013683
0.017654
-0.0031103
-0.011651
-0.0016878
-0.017764
-0.010971
0.022996
0.05503
-0.0072476
0.040976
0.027455
0.040239
0.029057
0.070514
0.023002
-0.011537
-0.0077942
0.049285
0.019592
0.035523
0.0025039
0.014658
-0.040532
0.072191
-0.059675
0.03679
-0.00096602
-0.028895
-0.020206
0.010561
-0.0055448
0.0077706
-0.024246
-0.034325
0.032067
0.067204
-0.074078
-0.026774
-0.015322
-0.0019912
0.060823
0.01437
0.076249
-0.047464
-0.0085732
-0.0050922
0.0079872
-0.0074446
-0.030401
0.031178
0.011134
0.023896
-0.029395
-0.022038
-0.02946
0.0024687
